{
 "cells": [
  {
   "cell_type": "markdown",
   "metadata": {},
   "source": [
    "## FGV QUANT\n",
    "## Alunos: Thalles Rezende e Vitor Gothardo"
   ]
  },
  {
   "cell_type": "markdown",
   "metadata": {},
   "source": [
    "# Reversão à média- (Pairs Trading)"
   ]
  },
  {
   "cell_type": "markdown",
   "metadata": {},
   "source": [
    "Long Pair: Long ação A e short ação B\n",
    "\n",
    "Short Pair: Short ação A and long ação B\n",
    "\n",
    "Você deseja encontrar uma alta correlação entre o preço das ações A e B (geralmente > 0,8) - neste caso, digamos 0,9. Se você encontrar uma relação sugerindo que os preços se movem em direções opostas, você pode capitalizar esse comportamento. UMA VEZ que os ativos se desviam de sua correlação típica, digamos 0,5, você pode comprar / vender o par, pois espera que a correlação convirja de volta à sua forma original.\n",
    "\n",
    "Meio que se torna uma arte quando você tenta maximizar o spread entre o ativo"
   ]
  },
  {
   "cell_type": "markdown",
   "metadata": {},
   "source": [
    "## Ideia Principal"
   ]
  },
  {
   "cell_type": "markdown",
   "metadata": {},
   "source": [
    "1) Encontre 2 ativos que se movem de forma semelhante entre si (seja uma correlação negativa ou positiva)\n",
    "\n",
    "2) Vender a ação 'sobrevalorizada' e comprar a ação 'subvalorizada' -- Um sinal comum a ser usado para acionar a compra de uma negociação de pares é usar o Índice de Preço (Ação A / Ação B). Se a proporção mudar significativamente, você saberá que é hora de negociar. 'Significância' pode ser medida com desvio padrão."
   ]
  },
  {
   "cell_type": "code",
   "execution_count": 1,
   "metadata": {},
   "outputs": [
    {
     "name": "stdout",
     "output_type": "stream",
     "text": [
      "[*********************100%***********************]  1 of 1 completed\n",
      "[*********************100%***********************]  1 of 1 completed\n",
      "[*********************100%***********************]  1 of 1 completed\n",
      "[*********************100%***********************]  1 of 1 completed\n",
      "[*********************100%***********************]  1 of 1 completed\n",
      "[*********************100%***********************]  1 of 1 completed\n",
      "[*********************100%***********************]  1 of 1 completed\n",
      "[*********************100%***********************]  1 of 1 completed\n",
      "[*********************100%***********************]  1 of 1 completed\n",
      "[*********************100%***********************]  1 of 1 completed\n",
      "[*********************100%***********************]  1 of 1 completed\n",
      "[*********************100%***********************]  1 of 1 completed\n",
      "[*********************100%***********************]  1 of 1 completed\n",
      "[*********************100%***********************]  1 of 1 completed\n",
      "[*********************100%***********************]  1 of 1 completed\n",
      "[*********************100%***********************]  1 of 1 completed\n",
      "[*********************100%***********************]  1 of 1 completed\n",
      "[*********************100%***********************]  1 of 1 completed\n",
      "(253, 18)\n"
     ]
    },
    {
     "data": {
      "text/html": [
       "<div>\n",
       "<style scoped>\n",
       "    .dataframe tbody tr th:only-of-type {\n",
       "        vertical-align: middle;\n",
       "    }\n",
       "\n",
       "    .dataframe tbody tr th {\n",
       "        vertical-align: top;\n",
       "    }\n",
       "\n",
       "    .dataframe thead th {\n",
       "        text-align: right;\n",
       "    }\n",
       "</style>\n",
       "<table border=\"1\" class=\"dataframe\">\n",
       "  <thead>\n",
       "    <tr style=\"text-align: right;\">\n",
       "      <th></th>\n",
       "      <th>TSLA</th>\n",
       "      <th>RIVN</th>\n",
       "      <th>DPZ</th>\n",
       "      <th>AAPL</th>\n",
       "      <th>GOOG</th>\n",
       "      <th>AMD</th>\n",
       "      <th>GME</th>\n",
       "      <th>SPY</th>\n",
       "      <th>NFLX</th>\n",
       "      <th>BA</th>\n",
       "      <th>WMT</th>\n",
       "      <th>TWTR</th>\n",
       "      <th>GS</th>\n",
       "      <th>XOM</th>\n",
       "      <th>NKE</th>\n",
       "      <th>FB</th>\n",
       "      <th>BRK-B</th>\n",
       "      <th>MSFT</th>\n",
       "    </tr>\n",
       "    <tr>\n",
       "      <th>Date</th>\n",
       "      <th></th>\n",
       "      <th></th>\n",
       "      <th></th>\n",
       "      <th></th>\n",
       "      <th></th>\n",
       "      <th></th>\n",
       "      <th></th>\n",
       "      <th></th>\n",
       "      <th></th>\n",
       "      <th></th>\n",
       "      <th></th>\n",
       "      <th></th>\n",
       "      <th></th>\n",
       "      <th></th>\n",
       "      <th></th>\n",
       "      <th></th>\n",
       "      <th></th>\n",
       "      <th></th>\n",
       "    </tr>\n",
       "  </thead>\n",
       "  <tbody>\n",
       "    <tr>\n",
       "      <th>2022-04-14</th>\n",
       "      <td>985.000000</td>\n",
       "      <td>40.590000</td>\n",
       "      <td>387.239990</td>\n",
       "      <td>165.289993</td>\n",
       "      <td>2545.060059</td>\n",
       "      <td>93.059998</td>\n",
       "      <td>150.770004</td>\n",
       "      <td>437.790009</td>\n",
       "      <td>341.130005</td>\n",
       "      <td>181.940002</td>\n",
       "      <td>157.080002</td>\n",
       "      <td>45.080002</td>\n",
       "      <td>321.640015</td>\n",
       "      <td>87.830002</td>\n",
       "      <td>133.460007</td>\n",
       "      <td>210.179993</td>\n",
       "      <td>344.329987</td>\n",
       "      <td>279.829987</td>\n",
       "    </tr>\n",
       "    <tr>\n",
       "      <th>2022-04-18</th>\n",
       "      <td>1004.289978</td>\n",
       "      <td>38.230000</td>\n",
       "      <td>379.489990</td>\n",
       "      <td>165.070007</td>\n",
       "      <td>2559.219971</td>\n",
       "      <td>93.889999</td>\n",
       "      <td>141.460007</td>\n",
       "      <td>437.970001</td>\n",
       "      <td>337.859985</td>\n",
       "      <td>179.850006</td>\n",
       "      <td>155.880005</td>\n",
       "      <td>48.450001</td>\n",
       "      <td>329.880005</td>\n",
       "      <td>88.550003</td>\n",
       "      <td>131.630005</td>\n",
       "      <td>210.770004</td>\n",
       "      <td>346.649994</td>\n",
       "      <td>280.519989</td>\n",
       "    </tr>\n",
       "    <tr>\n",
       "      <th>2022-04-19</th>\n",
       "      <td>1028.150024</td>\n",
       "      <td>39.150002</td>\n",
       "      <td>394.079987</td>\n",
       "      <td>167.399994</td>\n",
       "      <td>2610.620117</td>\n",
       "      <td>96.930000</td>\n",
       "      <td>152.470001</td>\n",
       "      <td>445.040009</td>\n",
       "      <td>348.609985</td>\n",
       "      <td>185.979996</td>\n",
       "      <td>157.649994</td>\n",
       "      <td>46.160000</td>\n",
       "      <td>335.950012</td>\n",
       "      <td>87.760002</td>\n",
       "      <td>137.050003</td>\n",
       "      <td>217.309998</td>\n",
       "      <td>348.500000</td>\n",
       "      <td>285.299988</td>\n",
       "    </tr>\n",
       "    <tr>\n",
       "      <th>2022-04-20</th>\n",
       "      <td>977.200012</td>\n",
       "      <td>36.230000</td>\n",
       "      <td>396.489990</td>\n",
       "      <td>167.229996</td>\n",
       "      <td>2564.909912</td>\n",
       "      <td>94.019997</td>\n",
       "      <td>148.850006</td>\n",
       "      <td>444.709991</td>\n",
       "      <td>226.190002</td>\n",
       "      <td>183.550003</td>\n",
       "      <td>159.630005</td>\n",
       "      <td>46.720001</td>\n",
       "      <td>341.059998</td>\n",
       "      <td>87.959999</td>\n",
       "      <td>135.869995</td>\n",
       "      <td>200.419998</td>\n",
       "      <td>348.820007</td>\n",
       "      <td>286.359985</td>\n",
       "    </tr>\n",
       "    <tr>\n",
       "      <th>2022-04-21</th>\n",
       "      <td>1008.780029</td>\n",
       "      <td>33.759998</td>\n",
       "      <td>391.000000</td>\n",
       "      <td>166.419998</td>\n",
       "      <td>2498.750000</td>\n",
       "      <td>89.849998</td>\n",
       "      <td>141.559998</td>\n",
       "      <td>438.059998</td>\n",
       "      <td>218.220001</td>\n",
       "      <td>181.020004</td>\n",
       "      <td>159.869995</td>\n",
       "      <td>47.080002</td>\n",
       "      <td>334.299988</td>\n",
       "      <td>87.029999</td>\n",
       "      <td>135.460007</td>\n",
       "      <td>188.070007</td>\n",
       "      <td>343.600006</td>\n",
       "      <td>280.809998</td>\n",
       "    </tr>\n",
       "  </tbody>\n",
       "</table>\n",
       "</div>"
      ],
      "text/plain": [
       "                   TSLA       RIVN         DPZ        AAPL         GOOG  \\\n",
       "Date                                                                      \n",
       "2022-04-14   985.000000  40.590000  387.239990  165.289993  2545.060059   \n",
       "2022-04-18  1004.289978  38.230000  379.489990  165.070007  2559.219971   \n",
       "2022-04-19  1028.150024  39.150002  394.079987  167.399994  2610.620117   \n",
       "2022-04-20   977.200012  36.230000  396.489990  167.229996  2564.909912   \n",
       "2022-04-21  1008.780029  33.759998  391.000000  166.419998  2498.750000   \n",
       "\n",
       "                  AMD         GME         SPY        NFLX          BA  \\\n",
       "Date                                                                    \n",
       "2022-04-14  93.059998  150.770004  437.790009  341.130005  181.940002   \n",
       "2022-04-18  93.889999  141.460007  437.970001  337.859985  179.850006   \n",
       "2022-04-19  96.930000  152.470001  445.040009  348.609985  185.979996   \n",
       "2022-04-20  94.019997  148.850006  444.709991  226.190002  183.550003   \n",
       "2022-04-21  89.849998  141.559998  438.059998  218.220001  181.020004   \n",
       "\n",
       "                   WMT       TWTR          GS        XOM         NKE  \\\n",
       "Date                                                                   \n",
       "2022-04-14  157.080002  45.080002  321.640015  87.830002  133.460007   \n",
       "2022-04-18  155.880005  48.450001  329.880005  88.550003  131.630005   \n",
       "2022-04-19  157.649994  46.160000  335.950012  87.760002  137.050003   \n",
       "2022-04-20  159.630005  46.720001  341.059998  87.959999  135.869995   \n",
       "2022-04-21  159.869995  47.080002  334.299988  87.029999  135.460007   \n",
       "\n",
       "                    FB       BRK-B        MSFT  \n",
       "Date                                            \n",
       "2022-04-14  210.179993  344.329987  279.829987  \n",
       "2022-04-18  210.770004  346.649994  280.519989  \n",
       "2022-04-19  217.309998  348.500000  285.299988  \n",
       "2022-04-20  200.419998  348.820007  286.359985  \n",
       "2022-04-21  188.070007  343.600006  280.809998  "
      ]
     },
     "execution_count": 1,
     "metadata": {},
     "output_type": "execute_result"
    }
   ],
   "source": [
    "# Obtendo dados de 6 anos atrás\n",
    "# Usaremos o 1 ano mais recente para determinar o quão bem teríamos nos saído se seguissemos a fronteira eficiente.\n",
    "# O mercado está aberto 252 vezes em um determinado ano - 252 dias úteis.\n",
    "# Obteremos o fechamento ajustado como nossos dados principais.\n",
    "\n",
    "'''========================================================================= ATUALIZADO 04/23/2022 ================================\n",
    "Tenha certeza de que seu pandas == 1.2 version.\n",
    "O Yahoo mudou sua estrutura quando se trata de consultar dados. Fizemos os ajustes em todo este notebook.\n",
    "========================================================================= ATUALIZADO 04/23/2022  ==================================\n",
    "'''\n",
    "import pandas as pd\n",
    "import pandas_datareader as pdr\n",
    "from datetime import datetime\n",
    "import yfinance as yf\n",
    "\n",
    "def get_historical_Data(tickers):\n",
    "    \"\"\"Esta função retorna um dataframe pd com todas as informações de fechamento ajustadas\"\"\"\n",
    "    data = pd.DataFrame()\n",
    "    names = list()\n",
    "    for i in tickers:\n",
    "        data = pd.concat([data, pd.DataFrame(yf.download(i, start=datetime(2021, 4, 22), end=datetime(2022, 4 , 22)).iloc[:,4])], axis = 1)\n",
    "        names.append(i)\n",
    "    data.columns = names\n",
    "    return data\n",
    "\n",
    "ticks = [\"TSLA\", \"RIVN\",\"DPZ\", \"AAPL\", \"GOOG\", \"AMD\", \"GME\", \"SPY\", \"NFLX\", \"BA\", \"WMT\",\"TWTR\",\"GS\",\"XOM\",\"NKE\", \"FB\",\"BRK-B\", \"MSFT\"] #Nome da empresa (Dominos pizza)\n",
    "d = get_historical_Data(ticks)\n",
    "print(d.shape)\n",
    "# Dados mais recentes\n",
    "d.tail()"
   ]
  },
  {
   "cell_type": "code",
   "execution_count": 2,
   "metadata": {},
   "outputs": [
    {
     "data": {
      "text/plain": [
       "Date\n",
       "2021-04-22            NaN\n",
       "2021-04-23            NaN\n",
       "2021-04-26            NaN\n",
       "2021-04-27            NaN\n",
       "2021-04-28            NaN\n",
       "                 ...     \n",
       "2022-04-14    1031.362988\n",
       "2022-04-18    1036.307986\n",
       "2022-04-19    1041.657489\n",
       "2022-04-20    1040.818491\n",
       "2022-04-21    1041.301993\n",
       "Name: TSLA, Length: 253, dtype: float64"
      ]
     },
     "execution_count": 2,
     "metadata": {},
     "output_type": "execute_result"
    }
   ],
   "source": [
    "d['TSLA'].rolling(20).mean()"
   ]
  },
  {
   "cell_type": "code",
   "execution_count": 3,
   "metadata": {},
   "outputs": [
    {
     "data": {
      "text/html": [
       "<div>\n",
       "<style scoped>\n",
       "    .dataframe tbody tr th:only-of-type {\n",
       "        vertical-align: middle;\n",
       "    }\n",
       "\n",
       "    .dataframe tbody tr th {\n",
       "        vertical-align: top;\n",
       "    }\n",
       "\n",
       "    .dataframe thead th {\n",
       "        text-align: right;\n",
       "    }\n",
       "</style>\n",
       "<table border=\"1\" class=\"dataframe\">\n",
       "  <thead>\n",
       "    <tr style=\"text-align: right;\">\n",
       "      <th></th>\n",
       "      <th>TSLA</th>\n",
       "      <th>RIVN</th>\n",
       "      <th>DPZ</th>\n",
       "      <th>AAPL</th>\n",
       "      <th>GOOG</th>\n",
       "      <th>AMD</th>\n",
       "      <th>GME</th>\n",
       "      <th>SPY</th>\n",
       "      <th>NFLX</th>\n",
       "      <th>BA</th>\n",
       "      <th>WMT</th>\n",
       "      <th>TWTR</th>\n",
       "      <th>GS</th>\n",
       "      <th>XOM</th>\n",
       "      <th>NKE</th>\n",
       "      <th>FB</th>\n",
       "      <th>BRK-B</th>\n",
       "      <th>MSFT</th>\n",
       "    </tr>\n",
       "  </thead>\n",
       "  <tbody>\n",
       "    <tr>\n",
       "      <th>TSLA</th>\n",
       "      <td>1.000000</td>\n",
       "      <td>0.509434</td>\n",
       "      <td>0.164387</td>\n",
       "      <td>0.778226</td>\n",
       "      <td>0.665597</td>\n",
       "      <td>0.836502</td>\n",
       "      <td>-0.266183</td>\n",
       "      <td>0.845184</td>\n",
       "      <td>0.139373</td>\n",
       "      <td>-0.604112</td>\n",
       "      <td>0.392810</td>\n",
       "      <td>-0.584694</td>\n",
       "      <td>0.106558</td>\n",
       "      <td>0.487389</td>\n",
       "      <td>0.277885</td>\n",
       "      <td>-0.289635</td>\n",
       "      <td>0.462472</td>\n",
       "      <td>0.845323</td>\n",
       "    </tr>\n",
       "    <tr>\n",
       "      <th>RIVN</th>\n",
       "      <td>0.509434</td>\n",
       "      <td>1.000000</td>\n",
       "      <td>0.917559</td>\n",
       "      <td>-0.088109</td>\n",
       "      <td>0.789606</td>\n",
       "      <td>0.913236</td>\n",
       "      <td>0.670686</td>\n",
       "      <td>0.710782</td>\n",
       "      <td>0.957021</td>\n",
       "      <td>0.637323</td>\n",
       "      <td>-0.276920</td>\n",
       "      <td>0.553937</td>\n",
       "      <td>0.888465</td>\n",
       "      <td>-0.910988</td>\n",
       "      <td>0.945517</td>\n",
       "      <td>0.847008</td>\n",
       "      <td>-0.874936</td>\n",
       "      <td>0.884978</td>\n",
       "    </tr>\n",
       "    <tr>\n",
       "      <th>DPZ</th>\n",
       "      <td>0.164387</td>\n",
       "      <td>0.917559</td>\n",
       "      <td>1.000000</td>\n",
       "      <td>0.136504</td>\n",
       "      <td>0.639833</td>\n",
       "      <td>0.538615</td>\n",
       "      <td>0.268672</td>\n",
       "      <td>0.555133</td>\n",
       "      <td>0.761143</td>\n",
       "      <td>0.187402</td>\n",
       "      <td>0.014552</td>\n",
       "      <td>0.318450</td>\n",
       "      <td>0.779532</td>\n",
       "      <td>-0.611559</td>\n",
       "      <td>0.903757</td>\n",
       "      <td>0.747087</td>\n",
       "      <td>-0.563011</td>\n",
       "      <td>0.554462</td>\n",
       "    </tr>\n",
       "    <tr>\n",
       "      <th>AAPL</th>\n",
       "      <td>0.778226</td>\n",
       "      <td>-0.088109</td>\n",
       "      <td>0.136504</td>\n",
       "      <td>1.000000</td>\n",
       "      <td>0.631490</td>\n",
       "      <td>0.733838</td>\n",
       "      <td>-0.578018</td>\n",
       "      <td>0.783586</td>\n",
       "      <td>-0.202315</td>\n",
       "      <td>-0.752053</td>\n",
       "      <td>0.286726</td>\n",
       "      <td>-0.690141</td>\n",
       "      <td>-0.084538</td>\n",
       "      <td>0.612926</td>\n",
       "      <td>0.188755</td>\n",
       "      <td>-0.423810</td>\n",
       "      <td>0.638652</td>\n",
       "      <td>0.761060</td>\n",
       "    </tr>\n",
       "    <tr>\n",
       "      <th>GOOG</th>\n",
       "      <td>0.665597</td>\n",
       "      <td>0.789606</td>\n",
       "      <td>0.639833</td>\n",
       "      <td>0.631490</td>\n",
       "      <td>1.000000</td>\n",
       "      <td>0.832450</td>\n",
       "      <td>-0.005821</td>\n",
       "      <td>0.893808</td>\n",
       "      <td>0.476049</td>\n",
       "      <td>-0.362879</td>\n",
       "      <td>0.335109</td>\n",
       "      <td>-0.131374</td>\n",
       "      <td>0.575547</td>\n",
       "      <td>0.030079</td>\n",
       "      <td>0.706121</td>\n",
       "      <td>0.191006</td>\n",
       "      <td>0.048040</td>\n",
       "      <td>0.926042</td>\n",
       "    </tr>\n",
       "    <tr>\n",
       "      <th>AMD</th>\n",
       "      <td>0.836502</td>\n",
       "      <td>0.913236</td>\n",
       "      <td>0.538615</td>\n",
       "      <td>0.733838</td>\n",
       "      <td>0.832450</td>\n",
       "      <td>1.000000</td>\n",
       "      <td>-0.206737</td>\n",
       "      <td>0.905148</td>\n",
       "      <td>0.385009</td>\n",
       "      <td>-0.437885</td>\n",
       "      <td>0.168976</td>\n",
       "      <td>-0.465290</td>\n",
       "      <td>0.398088</td>\n",
       "      <td>0.184290</td>\n",
       "      <td>0.582023</td>\n",
       "      <td>-0.005274</td>\n",
       "      <td>0.155807</td>\n",
       "      <td>0.942433</td>\n",
       "    </tr>\n",
       "    <tr>\n",
       "      <th>GME</th>\n",
       "      <td>-0.266183</td>\n",
       "      <td>0.670686</td>\n",
       "      <td>0.268672</td>\n",
       "      <td>-0.578018</td>\n",
       "      <td>-0.005821</td>\n",
       "      <td>-0.206737</td>\n",
       "      <td>1.000000</td>\n",
       "      <td>-0.131849</td>\n",
       "      <td>0.535009</td>\n",
       "      <td>0.620564</td>\n",
       "      <td>0.016223</td>\n",
       "      <td>0.657581</td>\n",
       "      <td>0.461549</td>\n",
       "      <td>-0.600110</td>\n",
       "      <td>0.242554</td>\n",
       "      <td>0.596181</td>\n",
       "      <td>-0.573919</td>\n",
       "      <td>-0.165295</td>\n",
       "    </tr>\n",
       "    <tr>\n",
       "      <th>SPY</th>\n",
       "      <td>0.845184</td>\n",
       "      <td>0.710782</td>\n",
       "      <td>0.555133</td>\n",
       "      <td>0.783586</td>\n",
       "      <td>0.893808</td>\n",
       "      <td>0.905148</td>\n",
       "      <td>-0.131849</td>\n",
       "      <td>1.000000</td>\n",
       "      <td>0.366289</td>\n",
       "      <td>-0.426328</td>\n",
       "      <td>0.412512</td>\n",
       "      <td>-0.332239</td>\n",
       "      <td>0.457685</td>\n",
       "      <td>0.185539</td>\n",
       "      <td>0.622271</td>\n",
       "      <td>0.076621</td>\n",
       "      <td>0.244581</td>\n",
       "      <td>0.950793</td>\n",
       "    </tr>\n",
       "    <tr>\n",
       "      <th>NFLX</th>\n",
       "      <td>0.139373</td>\n",
       "      <td>0.957021</td>\n",
       "      <td>0.761143</td>\n",
       "      <td>-0.202315</td>\n",
       "      <td>0.476049</td>\n",
       "      <td>0.385009</td>\n",
       "      <td>0.535009</td>\n",
       "      <td>0.366289</td>\n",
       "      <td>1.000000</td>\n",
       "      <td>0.380720</td>\n",
       "      <td>-0.059700</td>\n",
       "      <td>0.471271</td>\n",
       "      <td>0.828736</td>\n",
       "      <td>-0.722390</td>\n",
       "      <td>0.737276</td>\n",
       "      <td>0.780999</td>\n",
       "      <td>-0.734966</td>\n",
       "      <td>0.401374</td>\n",
       "    </tr>\n",
       "    <tr>\n",
       "      <th>BA</th>\n",
       "      <td>-0.604112</td>\n",
       "      <td>0.637323</td>\n",
       "      <td>0.187402</td>\n",
       "      <td>-0.752053</td>\n",
       "      <td>-0.362879</td>\n",
       "      <td>-0.437885</td>\n",
       "      <td>0.620564</td>\n",
       "      <td>-0.426328</td>\n",
       "      <td>0.380720</td>\n",
       "      <td>1.000000</td>\n",
       "      <td>-0.395779</td>\n",
       "      <td>0.673742</td>\n",
       "      <td>0.355153</td>\n",
       "      <td>-0.690197</td>\n",
       "      <td>0.109475</td>\n",
       "      <td>0.636841</td>\n",
       "      <td>-0.692304</td>\n",
       "      <td>-0.506092</td>\n",
       "    </tr>\n",
       "    <tr>\n",
       "      <th>WMT</th>\n",
       "      <td>0.392810</td>\n",
       "      <td>-0.276920</td>\n",
       "      <td>0.014552</td>\n",
       "      <td>0.286726</td>\n",
       "      <td>0.335109</td>\n",
       "      <td>0.168976</td>\n",
       "      <td>0.016223</td>\n",
       "      <td>0.412512</td>\n",
       "      <td>-0.059700</td>\n",
       "      <td>-0.395779</td>\n",
       "      <td>1.000000</td>\n",
       "      <td>0.013619</td>\n",
       "      <td>0.117171</td>\n",
       "      <td>0.229617</td>\n",
       "      <td>0.162566</td>\n",
       "      <td>-0.081896</td>\n",
       "      <td>0.413396</td>\n",
       "      <td>0.310789</td>\n",
       "    </tr>\n",
       "    <tr>\n",
       "      <th>TWTR</th>\n",
       "      <td>-0.584694</td>\n",
       "      <td>0.553937</td>\n",
       "      <td>0.318450</td>\n",
       "      <td>-0.690141</td>\n",
       "      <td>-0.131374</td>\n",
       "      <td>-0.465290</td>\n",
       "      <td>0.657581</td>\n",
       "      <td>-0.332239</td>\n",
       "      <td>0.471271</td>\n",
       "      <td>0.673742</td>\n",
       "      <td>0.013619</td>\n",
       "      <td>1.000000</td>\n",
       "      <td>0.411359</td>\n",
       "      <td>-0.770760</td>\n",
       "      <td>0.324907</td>\n",
       "      <td>0.721999</td>\n",
       "      <td>-0.722984</td>\n",
       "      <td>-0.357263</td>\n",
       "    </tr>\n",
       "    <tr>\n",
       "      <th>GS</th>\n",
       "      <td>0.106558</td>\n",
       "      <td>0.888465</td>\n",
       "      <td>0.779532</td>\n",
       "      <td>-0.084538</td>\n",
       "      <td>0.575547</td>\n",
       "      <td>0.398088</td>\n",
       "      <td>0.461549</td>\n",
       "      <td>0.457685</td>\n",
       "      <td>0.828736</td>\n",
       "      <td>0.355153</td>\n",
       "      <td>0.117171</td>\n",
       "      <td>0.411359</td>\n",
       "      <td>1.000000</td>\n",
       "      <td>-0.620360</td>\n",
       "      <td>0.799951</td>\n",
       "      <td>0.737657</td>\n",
       "      <td>-0.564810</td>\n",
       "      <td>0.425021</td>\n",
       "    </tr>\n",
       "    <tr>\n",
       "      <th>XOM</th>\n",
       "      <td>0.487389</td>\n",
       "      <td>-0.910988</td>\n",
       "      <td>-0.611559</td>\n",
       "      <td>0.612926</td>\n",
       "      <td>0.030079</td>\n",
       "      <td>0.184290</td>\n",
       "      <td>-0.600110</td>\n",
       "      <td>0.185539</td>\n",
       "      <td>-0.722390</td>\n",
       "      <td>-0.690197</td>\n",
       "      <td>0.229617</td>\n",
       "      <td>-0.770760</td>\n",
       "      <td>-0.620360</td>\n",
       "      <td>1.000000</td>\n",
       "      <td>-0.508033</td>\n",
       "      <td>-0.900539</td>\n",
       "      <td>0.916627</td>\n",
       "      <td>0.177257</td>\n",
       "    </tr>\n",
       "    <tr>\n",
       "      <th>NKE</th>\n",
       "      <td>0.277885</td>\n",
       "      <td>0.945517</td>\n",
       "      <td>0.903757</td>\n",
       "      <td>0.188755</td>\n",
       "      <td>0.706121</td>\n",
       "      <td>0.582023</td>\n",
       "      <td>0.242554</td>\n",
       "      <td>0.622271</td>\n",
       "      <td>0.737276</td>\n",
       "      <td>0.109475</td>\n",
       "      <td>0.162566</td>\n",
       "      <td>0.324907</td>\n",
       "      <td>0.799951</td>\n",
       "      <td>-0.508033</td>\n",
       "      <td>1.000000</td>\n",
       "      <td>0.658068</td>\n",
       "      <td>-0.481903</td>\n",
       "      <td>0.636756</td>\n",
       "    </tr>\n",
       "    <tr>\n",
       "      <th>FB</th>\n",
       "      <td>-0.289635</td>\n",
       "      <td>0.847008</td>\n",
       "      <td>0.747087</td>\n",
       "      <td>-0.423810</td>\n",
       "      <td>0.191006</td>\n",
       "      <td>-0.005274</td>\n",
       "      <td>0.596181</td>\n",
       "      <td>0.076621</td>\n",
       "      <td>0.780999</td>\n",
       "      <td>0.636841</td>\n",
       "      <td>-0.081896</td>\n",
       "      <td>0.721999</td>\n",
       "      <td>0.737657</td>\n",
       "      <td>-0.900539</td>\n",
       "      <td>0.658068</td>\n",
       "      <td>1.000000</td>\n",
       "      <td>-0.823557</td>\n",
       "      <td>0.032680</td>\n",
       "    </tr>\n",
       "    <tr>\n",
       "      <th>BRK-B</th>\n",
       "      <td>0.462472</td>\n",
       "      <td>-0.874936</td>\n",
       "      <td>-0.563011</td>\n",
       "      <td>0.638652</td>\n",
       "      <td>0.048040</td>\n",
       "      <td>0.155807</td>\n",
       "      <td>-0.573919</td>\n",
       "      <td>0.244581</td>\n",
       "      <td>-0.734966</td>\n",
       "      <td>-0.692304</td>\n",
       "      <td>0.413396</td>\n",
       "      <td>-0.722984</td>\n",
       "      <td>-0.564810</td>\n",
       "      <td>0.916627</td>\n",
       "      <td>-0.481903</td>\n",
       "      <td>-0.823557</td>\n",
       "      <td>1.000000</td>\n",
       "      <td>0.166493</td>\n",
       "    </tr>\n",
       "    <tr>\n",
       "      <th>MSFT</th>\n",
       "      <td>0.845323</td>\n",
       "      <td>0.884978</td>\n",
       "      <td>0.554462</td>\n",
       "      <td>0.761060</td>\n",
       "      <td>0.926042</td>\n",
       "      <td>0.942433</td>\n",
       "      <td>-0.165295</td>\n",
       "      <td>0.950793</td>\n",
       "      <td>0.401374</td>\n",
       "      <td>-0.506092</td>\n",
       "      <td>0.310789</td>\n",
       "      <td>-0.357263</td>\n",
       "      <td>0.425021</td>\n",
       "      <td>0.177257</td>\n",
       "      <td>0.636756</td>\n",
       "      <td>0.032680</td>\n",
       "      <td>0.166493</td>\n",
       "      <td>1.000000</td>\n",
       "    </tr>\n",
       "  </tbody>\n",
       "</table>\n",
       "</div>"
      ],
      "text/plain": [
       "           TSLA      RIVN       DPZ      AAPL      GOOG       AMD       GME  \\\n",
       "TSLA   1.000000  0.509434  0.164387  0.778226  0.665597  0.836502 -0.266183   \n",
       "RIVN   0.509434  1.000000  0.917559 -0.088109  0.789606  0.913236  0.670686   \n",
       "DPZ    0.164387  0.917559  1.000000  0.136504  0.639833  0.538615  0.268672   \n",
       "AAPL   0.778226 -0.088109  0.136504  1.000000  0.631490  0.733838 -0.578018   \n",
       "GOOG   0.665597  0.789606  0.639833  0.631490  1.000000  0.832450 -0.005821   \n",
       "AMD    0.836502  0.913236  0.538615  0.733838  0.832450  1.000000 -0.206737   \n",
       "GME   -0.266183  0.670686  0.268672 -0.578018 -0.005821 -0.206737  1.000000   \n",
       "SPY    0.845184  0.710782  0.555133  0.783586  0.893808  0.905148 -0.131849   \n",
       "NFLX   0.139373  0.957021  0.761143 -0.202315  0.476049  0.385009  0.535009   \n",
       "BA    -0.604112  0.637323  0.187402 -0.752053 -0.362879 -0.437885  0.620564   \n",
       "WMT    0.392810 -0.276920  0.014552  0.286726  0.335109  0.168976  0.016223   \n",
       "TWTR  -0.584694  0.553937  0.318450 -0.690141 -0.131374 -0.465290  0.657581   \n",
       "GS     0.106558  0.888465  0.779532 -0.084538  0.575547  0.398088  0.461549   \n",
       "XOM    0.487389 -0.910988 -0.611559  0.612926  0.030079  0.184290 -0.600110   \n",
       "NKE    0.277885  0.945517  0.903757  0.188755  0.706121  0.582023  0.242554   \n",
       "FB    -0.289635  0.847008  0.747087 -0.423810  0.191006 -0.005274  0.596181   \n",
       "BRK-B  0.462472 -0.874936 -0.563011  0.638652  0.048040  0.155807 -0.573919   \n",
       "MSFT   0.845323  0.884978  0.554462  0.761060  0.926042  0.942433 -0.165295   \n",
       "\n",
       "            SPY      NFLX        BA       WMT      TWTR        GS       XOM  \\\n",
       "TSLA   0.845184  0.139373 -0.604112  0.392810 -0.584694  0.106558  0.487389   \n",
       "RIVN   0.710782  0.957021  0.637323 -0.276920  0.553937  0.888465 -0.910988   \n",
       "DPZ    0.555133  0.761143  0.187402  0.014552  0.318450  0.779532 -0.611559   \n",
       "AAPL   0.783586 -0.202315 -0.752053  0.286726 -0.690141 -0.084538  0.612926   \n",
       "GOOG   0.893808  0.476049 -0.362879  0.335109 -0.131374  0.575547  0.030079   \n",
       "AMD    0.905148  0.385009 -0.437885  0.168976 -0.465290  0.398088  0.184290   \n",
       "GME   -0.131849  0.535009  0.620564  0.016223  0.657581  0.461549 -0.600110   \n",
       "SPY    1.000000  0.366289 -0.426328  0.412512 -0.332239  0.457685  0.185539   \n",
       "NFLX   0.366289  1.000000  0.380720 -0.059700  0.471271  0.828736 -0.722390   \n",
       "BA    -0.426328  0.380720  1.000000 -0.395779  0.673742  0.355153 -0.690197   \n",
       "WMT    0.412512 -0.059700 -0.395779  1.000000  0.013619  0.117171  0.229617   \n",
       "TWTR  -0.332239  0.471271  0.673742  0.013619  1.000000  0.411359 -0.770760   \n",
       "GS     0.457685  0.828736  0.355153  0.117171  0.411359  1.000000 -0.620360   \n",
       "XOM    0.185539 -0.722390 -0.690197  0.229617 -0.770760 -0.620360  1.000000   \n",
       "NKE    0.622271  0.737276  0.109475  0.162566  0.324907  0.799951 -0.508033   \n",
       "FB     0.076621  0.780999  0.636841 -0.081896  0.721999  0.737657 -0.900539   \n",
       "BRK-B  0.244581 -0.734966 -0.692304  0.413396 -0.722984 -0.564810  0.916627   \n",
       "MSFT   0.950793  0.401374 -0.506092  0.310789 -0.357263  0.425021  0.177257   \n",
       "\n",
       "            NKE        FB     BRK-B      MSFT  \n",
       "TSLA   0.277885 -0.289635  0.462472  0.845323  \n",
       "RIVN   0.945517  0.847008 -0.874936  0.884978  \n",
       "DPZ    0.903757  0.747087 -0.563011  0.554462  \n",
       "AAPL   0.188755 -0.423810  0.638652  0.761060  \n",
       "GOOG   0.706121  0.191006  0.048040  0.926042  \n",
       "AMD    0.582023 -0.005274  0.155807  0.942433  \n",
       "GME    0.242554  0.596181 -0.573919 -0.165295  \n",
       "SPY    0.622271  0.076621  0.244581  0.950793  \n",
       "NFLX   0.737276  0.780999 -0.734966  0.401374  \n",
       "BA     0.109475  0.636841 -0.692304 -0.506092  \n",
       "WMT    0.162566 -0.081896  0.413396  0.310789  \n",
       "TWTR   0.324907  0.721999 -0.722984 -0.357263  \n",
       "GS     0.799951  0.737657 -0.564810  0.425021  \n",
       "XOM   -0.508033 -0.900539  0.916627  0.177257  \n",
       "NKE    1.000000  0.658068 -0.481903  0.636756  \n",
       "FB     0.658068  1.000000 -0.823557  0.032680  \n",
       "BRK-B -0.481903 -0.823557  1.000000  0.166493  \n",
       "MSFT   0.636756  0.032680  0.166493  1.000000  "
      ]
     },
     "execution_count": 3,
     "metadata": {},
     "output_type": "execute_result"
    }
   ],
   "source": [
    "corr_matrix = d.corr()\n",
    "corr_matrix"
   ]
  },
  {
   "cell_type": "code",
   "execution_count": 4,
   "metadata": {},
   "outputs": [
    {
     "data": {
      "text/plain": [
       "<AxesSubplot:>"
      ]
     },
     "execution_count": 4,
     "metadata": {},
     "output_type": "execute_result"
    },
    {
     "data": {
